-3.681388 -0.208605 0.000000
-3.630325 -0.208605 0.000000
-3.630162 -0.209473 0.000000
-3.629984 -0.210338 0.000000
-3.629791 -0.211200 0.000000
-3.629583 -0.212058 0.000000
-3.629360 -0.212912 0.000000
-3.629123 -0.213763 0.000000
-3.628870 -0.214609 0.000000
-3.628603 -0.215451 0.000000
-3.628321 -0.216288 0.000000
-3.628024 -0.217119 0.000000
-3.627713 -0.217946 0.000000
-3.627388 -0.218767 0.000000
-3.627049 -0.219582 0.000000
-3.626695 -0.220391 0.000000
-3.626327 -0.221194 0.000000
-3.625946 -0.221990 0.000000
-3.625550 -0.222780 0.000000
-3.625141 -0.223562 0.000000
-3.624718 -0.224338 0.000000
-3.624282 -0.225106 0.000000
-3.623832 -0.225866 0.000000
-3.623370 -0.226618 0.000000
-3.622894 -0.227362 0.000000
-3.622405 -0.228097 0.000000
-3.621904 -0.228824 0.000000
-3.621390 -0.229542 0.000000
-3.620863 -0.230251 0.000000
-3.620325 -0.230951 0.000000
-3.619774 -0.231641 0.000000
-3.619211 -0.232322 0.000000
-3.618637 -0.232992 0.000000
-3.618051 -0.233653 0.000000
-3.617453 -0.234303 0.000000
-3.616844 -0.234943 0.000000
-3.616224 -0.235572 0.000000
-3.615594 -0.236190 0.000000
-3.614952 -0.236797 0.000000
-3.614300 -0.237392 0.000000
-3.613638 -0.237976 0.000000
-3.612966 -0.238549 0.000000
-3.612284 -0.239110 0.000000
-3.611592 -0.239659 0.000000
-3.610891 -0.240195 0.000000
-3.610180 -0.240720 0.000000
-3.609461 -0.241232 0.000000
-3.608732 -0.241731 0.000000
-3.607996 -0.242218 0.000000
-3.607250 -0.242691 0.000000
-3.606497 -0.243152 0.000000
-3.605735 -0.243599 0.000000
-3.604966 -0.244033 0.000000
-3.604190 -0.244454 0.000000
-3.603406 -0.244861 0.000000
-3.602616 -0.245254 0.000000
-3.601818 -0.245633 0.000000
-3.601014 -0.245999 0.000000
-3.600204 -0.246350 0.000000
-3.599388 -0.246687 0.000000
-3.598566 -0.247010 0.000000
-3.597739 -0.247319 0.000000
-3.596906 -0.247613 0.000000
-3.596068 -0.247892 0.000000
-3.595226 -0.248157 0.000000
-3.594379 -0.248407 0.000000
-3.593528 -0.248643 0.000000
-3.592673 -0.248863 0.000000
-3.591814 -0.249069 0.000000
-3.590952 -0.249259 0.000000
-3.590086 -0.249435 0.000000
-3.589218 -0.249595 0.000000
-3.588347 -0.249741 0.000000
-3.587473 -0.249871 0.000000
-3.586598 -0.249985 0.000000
-3.585720 -0.250085 0.000000
-3.584841 -0.250169 0.000000
-3.583961 -0.250238 0.000000
-3.583080 -0.250291 0.000000
-3.582197 -0.250330 0.000000
-3.581315 -0.250352 0.000000
-3.580432 -0.250360 0.000000
-3.579549 -0.250352 0.000000
-3.578666 -0.250328 0.000000
-3.577784 -0.250289 0.000000
-3.576902 -0.250235 0.000000
-3.576022 -0.250166 0.000000
-3.575143 -0.250081 0.000000
-3.574266 -0.249981 0.000000
-3.573390 -0.249865 0.000000
-3.572517 -0.249735 0.000000
-3.571646 -0.249589 0.000000
-3.570778 -0.249428 0.000000
-3.569912 -0.249252 0.000000
-3.569050 -0.249060 0.000000
-3.568191 -0.248854 0.000000
-3.567337 -0.248633 0.000000
-3.566486 -0.248397 0.000000
-3.565639 -0.248146 0.000000
-3.564797 -0.247881 0.000000
-3.563959 -0.247601 0.000000
-3.563127 -0.247306 0.000000
-3.562300 -0.246997 0.000000
-3.561478 -0.246673 0.000000
-3.560662 -0.246335 0.000000
-3.559852 -0.245983 0.000000
-3.559049 -0.245617 0.000000
-3.558251 -0.245237 0.000000
-3.557461 -0.244844 0.000000
-3.556678 -0.244436 0.000000
-3.555902 -0.244015 0.000000
-3.555133 -0.243580 0.000000
-3.554372 -0.243132 0.000000
-3.553619 -0.242671 0.000000
-3.552874 -0.242197 0.000000
-3.552137 -0.241710 0.000000
-3.551409 -0.241210 0.000000
-3.550690 -0.240698 0.000000
-3.549980 -0.240173 0.000000
-3.549279 -0.239635 0.000000
-3.548588 -0.239086 0.000000
-3.547906 -0.238525 0.000000
-3.547234 -0.237952 0.000000
-3.546573 -0.237367 0.000000
-3.545921 -0.236771 0.000000
-3.545280 -0.236163 0.000000
-3.544650 -0.235545 0.000000
-3.544031 -0.234915 0.000000
-3.543422 -0.234275 0.000000
-3.542825 -0.233625 0.000000
-3.542239 -0.232964 0.000000
-3.541665 -0.232293 0.000000
-3.541103 -0.231612 0.000000
-3.540553 -0.230921 0.000000
-3.540015 -0.230221 0.000000
-3.539489 -0.229512 0.000000
-3.538975 -0.228793 0.000000
-3.538475 -0.228066 0.000000
-3.537986 -0.227330 0.000000
-3.537511 -0.226586 0.000000
-3.537049 -0.225833 0.000000
-3.536600 -0.225073 0.000000
-3.536165 -0.224305 0.000000
-3.535742 -0.223529 0.000000
-3.535334 -0.222746 0.000000
-3.534939 -0.221956 0.000000
-3.534558 -0.221160 0.000000
-3.534191 -0.220357 0.000000
-3.533838 -0.219547 0.000000
-3.533499 -0.218732 0.000000
-3.533174 -0.217911 0.000000
-3.532864 -0.217084 0.000000
-3.532568 -0.216252 0.000000
-3.532287 -0.215415 0.000000
-3.532020 -0.214573 0.000000
-3.531768 -0.213726 0.000000
-3.531531 -0.212876 0.000000
-3.531309 -0.212021 0.000000
-3.531101 -0.211163 0.000000
-3.530909 -0.210301 0.000000
-3.530732 -0.209436 0.000000
-3.530569 -0.208568 0.000000
-3.530422 -0.207697 0.000000
-3.530290 -0.206824 0.000000
-3.530174 -0.205949 0.000000
-3.530072 -0.205071 0.000000
-3.529986 -0.204193 0.000000
-3.529916 -0.203312 0.000000
-3.529860 -0.202431 0.000000
-3.529820 -0.201549 0.000000
-3.529796 -0.200666 0.000000
-3.529787 -0.199783 0.000000
-3.529793 -0.198900 0.000000
-3.529814 -0.198017 0.000000
-3.529851 -0.197135 0.000000
-3.529903 -0.196254 0.000000
-3.529971 -0.195373 0.000000
-3.530054 -0.194494 0.000000
-3.530152 -0.193616 0.000000
-3.530266 -0.192741 0.000000
-3.530395 -0.191867 0.000000
-3.530539 -0.190996 0.000000
-3.530698 -0.190127 0.000000
-3.530872 -0.189261 0.000000
-3.531062 -0.188399 0.000000
-3.531266 -0.187540 0.000000
-3.531486 -0.186685 0.000000
-3.531720 -0.185833 0.000000
-3.531969 -0.184986 0.000000
-3.532233 -0.184143 0.000000
-3.532511 -0.183305 0.000000
-3.532804 -0.182472 0.000000
-3.533111 -0.181644 0.000000
-3.533433 -0.180822 0.000000
-3.533769 -0.180005 0.000000
-3.534119 -0.179195 0.000000
-3.534484 -0.178390 0.000000
-3.534862 -0.177592 0.000000
-3.535254 -0.176801 0.000000
-3.535660 -0.176017 0.000000
-3.536080 -0.175240 0.000000
-3.536513 -0.174470 0.000000
-3.536959 -0.173708 0.000000
-3.537419 -0.172954 0.000000
-3.537891 -0.172208 0.000000
-3.538377 -0.171471 0.000000
-3.538875 -0.170742 0.000000
-3.539386 -0.170021 0.000000
-3.539909 -0.169310 0.000000
-3.540445 -0.168608 0.000000
-3.540993 -0.167916 0.000000
-3.541553 -0.167233 0.000000
-3.542125 -0.166560 0.000000
-3.542708 -0.165897 0.000000
-3.543303 -0.165244 0.000000
-3.543909 -0.164602 0.000000
-3.544526 -0.163970 0.000000
-3.545154 -0.163350 0.000000
-3.545793 -0.162740 0.000000
-3.546442 -0.162142 0.000000
-3.547102 -0.161555 0.000000
-3.547772 -0.160979 0.000000
-3.548452 -0.160415 0.000000
-3.549141 -0.159864 0.000000
-3.549840 -0.159324 0.000000
-3.550548 -0.158797 0.000000
-3.551266 -0.158282 0.000000
-3.551992 -0.157779 0.000000
-3.552727 -0.157290 0.000000
-3.553470 -0.156813 0.000000
-3.554222 -0.156349 0.000000
-3.554981 -0.155899 0.000000
-3.555748 -0.155461 0.000000
-3.556523 -0.155038 0.000000
-3.557305 -0.154627 0.000000
-3.558094 -0.154231 0.000000
-3.558890 -0.153848 0.000000
-3.559692 -0.153479 0.000000
-3.560501 -0.153124 0.000000
-3.561316 -0.152784 0.000000
-3.562136 -0.152457 0.000000
-3.562962 -0.152145 0.000000
-3.563794 -0.151848 0.000000
-3.564630 -0.151565 0.000000
-3.565471 -0.151296 0.000000
-3.564392 -0.141314 0.000000
-3.559649 -0.082433 0.000000
-3.559136 -0.050665 0.000000
-3.555317 -0.017081 0.000000
-3.555317 0.051055 0.000000
-3.559136 0.084639 0.000000
-3.559649 0.116406 0.000000
-3.564392 0.175287 0.000000
-3.565471 0.185270 0.000000
-3.564631 0.185538 0.000000
-3.563795 0.185821 0.000000
-3.562965 0.186118 0.000000
-3.562139 0.186429 0.000000
-3.561320 0.186755 0.000000
-3.560506 0.187096 0.000000
-3.559698 0.187450 0.000000
-3.558896 0.187818 0.000000
-3.558101 0.188201 0.000000
-3.557313 0.188597 0.000000
-3.556532 0.189006 0.000000
-3.555758 0.189430 0.000000
-3.554991 0.189866 0.000000
-3.554232 0.190316 0.000000
-3.553481 0.190779 0.000000
-3.552739 0.191255 0.000000
-3.552004 0.191744 0.000000
-3.551279 0.192246 0.000000
-3.550562 0.192760 0.000000
-3.549854 0.193287 0.000000
-3.549156 0.193826 0.000000
-3.548467 0.194377 0.000000
-3.547787 0.194939 0.000000
-3.547118 0.195514 0.000000
-3.546459 0.196100 0.000000
-3.545810 0.196698 0.000000
-3.545171 0.197307 0.000000
-3.544543 0.197926 0.000000
-3.543926 0.198557 0.000000
-3.543321 0.199198 0.000000
-3.542726 0.199850 0.000000
-3.542143 0.200512 0.000000
-3.541571 0.201184 0.000000
-3.541012 0.201866 0.000000
-3.540464 0.202557 0.000000
-3.539928 0.203258 0.000000
-3.539405 0.203968 0.000000
-3.538894 0.204688 0.000000
-3.538396 0.205416 0.000000
-3.537910 0.206152 0.000000
-3.537437 0.206897 0.000000
-3.536978 0.207650 0.000000
-3.536531 0.208411 0.000000
-3.536098 0.209179 0.000000
-3.535679 0.209955 0.000000
-3.535272 0.210739 0.000000
-3.534880 0.211529 0.000000
-3.534501 0.212325 0.000000
-3.534137 0.213129 0.000000
-3.533786 0.213938 0.000000
-3.533450 0.214754 0.000000
-3.533128 0.215575 0.000000
-3.532820 0.216402 0.000000
-3.532526 0.217234 0.000000
-3.532247 0.218071 0.000000
-3.531983 0.218912 0.000000
-3.531733 0.219758 0.000000
-3.531499 0.220609 0.000000
-3.531279 0.221463 0.000000
-3.531074 0.222321 0.000000
-3.530883 0.223183 0.000000
-3.530708 0.224047 0.000000
-3.530548 0.224915 0.000000
-3.530404 0.225785 0.000000
-3.530274 0.226658 0.000000
-3.530159 0.227532 0.000000
-3.530060 0.228409 0.000000
-3.529976 0.229287 0.000000
-3.529908 0.230167 0.000000
-3.529854 0.231047 0.000000
-3.529816 0.231929 0.000000
-3.529794 0.232810 0.000000
-3.529786 0.233693 0.000000
-3.529795 0.234575 0.000000
-3.529818 0.235457 0.000000
-3.529857 0.236338 0.000000
-3.529911 0.237219 0.000000
-3.529980 0.238098 0.000000
-3.530065 0.238976 0.000000
-3.530165 0.239853 0.000000
-3.530281 0.240727 0.000000
-3.530411 0.241600 0.000000
-3.530557 0.242470 0.000000
-3.530717 0.243337 0.000000
-3.530893 0.244202 0.000000
-3.531084 0.245063 0.000000
-3.531290 0.245921 0.000000
-3.531511 0.246775 0.000000
-3.531747 0.247625 0.000000
-3.531997 0.248471 0.000000
-3.532262 0.249312 0.000000
-3.532542 0.250149 0.000000
-3.532836 0.250981 0.000000
-3.533145 0.251807 0.000000
-3.533468 0.252628 0.000000
-3.533805 0.253443 0.000000
-3.534156 0.254252 0.000000
-3.534522 0.255055 0.000000
-3.534901 0.255852 0.000000
-3.535294 0.256642 0.000000
-3.535701 0.257424 0.000000
-3.536121 0.258200 0.000000
-3.536555 0.258968 0.000000
-3.537002 0.259729 0.000000
-3.537463 0.260481 0.000000
-3.537936 0.261225 0.000000
-3.538422 0.261962 0.000000
-3.538921 0.262689 0.000000
-3.539433 0.263408 0.000000
-3.539957 0.264117 0.000000
-3.540493 0.264818 0.000000
-3.541042 0.265509 0.000000
-3.541602 0.266190 0.000000
-3.542174 0.266862 0.000000
-3.542758 0.267523 0.000000
-3.543353 0.268174 0.000000
-3.543960 0.268815 0.000000
-3.544577 0.269445 0.000000
-3.545205 0.270064 0.000000
-3.545844 0.270672 0.000000
-3.546494 0.271269 0.000000
-3.547154 0.271855 0.000000
-3.547824 0.272429 0.000000
-3.548504 0.272991 0.000000
-3.549193 0.273541 0.000000
-3.549892 0.274080 0.000000
-3.550600 0.274606 0.000000
-3.551318 0.275119 0.000000
-3.552044 0.275620 0.000000
-3.552779 0.276108 0.000000
-3.553522 0.276584 0.000000
-3.554273 0.277046 0.000000
-3.555032 0.277495 0.000000
-3.555799 0.277931 0.000000
-3.556574 0.278354 0.000000
-3.557355 0.278763 0.000000
-3.558144 0.279158 0.000000
-3.558939 0.279540 0.000000
-3.559741 0.279907 0.000000
-3.560550 0.280261 0.000000
-3.561364 0.280600 0.000000
-3.562184 0.280925 0.000000
-3.563009 0.281236 0.000000
-3.563840 0.281533 0.000000
-3.564676 0.281815 0.000000
-3.565517 0.282082 0.000000
-3.566362 0.282335 0.000000
-3.567212 0.282573 0.000000
-3.568065 0.282796 0.000000
-3.568922 0.283004 0.000000
-3.569783 0.283197 0.000000
-3.570647 0.283375 0.000000
-3.571514 0.283539 0.000000
-3.572384 0.283687 0.000000
-3.573256 0.283820 0.000000
-3.574130 0.283937 0.000000
-3.575007 0.284040 0.000000
-3.575884 0.284127 0.000000
-3.576764 0.284199 0.000000
-3.577644 0.284255 0.000000
-3.578525 0.284296 0.000000
-3.579407 0.284322 0.000000
-3.580289 0.284333 0.000000
-3.581171 0.284328 0.000000
-3.582053 0.284308 0.000000
-3.582935 0.284272 0.000000
-3.583815 0.284221 0.000000
-3.584695 0.284155 0.000000
-3.585574 0.284073 0.000000
-3.586450 0.283976 0.000000
-3.587325 0.283864 0.000000
-3.588198 0.283737 0.000000
-3.589069 0.283595 0.000000
-3.589937 0.283437 0.000000
-3.590802 0.283264 0.000000
-3.591664 0.283076 0.000000
-3.592523 0.282874 0.000000
-3.593378 0.282656 0.000000
-3.594229 0.282424 0.000000
-3.595075 0.282176 0.000000
-3.595918 0.281914 0.000000
-3.596755 0.281638 0.000000
-3.597588 0.281346 0.000000
-3.598416 0.281041 0.000000
-3.599238 0.280721 0.000000
-3.600054 0.280387 0.000000
-3.600865 0.280038 0.000000
-3.601669 0.279676 0.000000
-3.602467 0.279299 0.000000
-3.603258 0.278909 0.000000
-3.604042 0.278505 0.000000
-3.604819 0.278087 0.000000
-3.605589 0.277656 0.000000
-3.606351 0.277212 0.000000
-3.607105 0.276754 0.000000
-3.607852 0.276284 0.000000
-3.608589 0.275800 0.000000
-3.609319 0.275304 0.000000
-3.610039 0.274795 0.000000
-3.610751 0.274273 0.000000
-3.611453 0.273740 0.000000
-3.612146 0.273194 0.000000
-3.612830 0.272636 0.000000
-3.613503 0.272066 0.000000
-3.614167 0.271485 0.000000
-3.614820 0.270892 0.000000
-3.615463 0.270288 0.000000
-3.616095 0.269673 0.000000
-3.616717 0.269047 0.000000
-3.617327 0.268410 0.000000
-3.617927 0.267763 0.000000
-3.618515 0.267105 0.000000
-3.619091 0.266437 0.000000
-3.619656 0.265759 0.000000
-3.620209 0.265072 0.000000
-3.620749 0.264375 0.000000
-3.621278 0.263668 0.000000
-3.621794 0.262953 0.000000
-3.622298 0.262229 0.000000
-3.622789 0.261496 0.000000
-3.623267 0.260754 0.000000
-3.623732 0.260005 0.000000
-3.624184 0.259247 0.000000
-3.624623 0.258482 0.000000
-3.625048 0.257709 0.000000
-3.625460 0.256929 0.000000
-3.625858 0.256142 0.000000
-3.626242 0.255348 0.000000
-3.626613 0.254547 0.000000
-3.626969 0.253740 0.000000
-3.627312 0.252927 0.000000
-3.627640 0.252108 0.000000
-3.627954 0.251284 0.000000
-3.628253 0.250454 0.000000
-3.628538 0.249619 0.000000
-3.628809 0.248779 0.000000
-3.629065 0.247935 0.000000
-3.629306 0.247086 0.000000
-3.629532 0.246234 0.000000
-3.629743 0.245377 0.000000
-3.629940 0.244517 0.000000
-3.630121 0.243654 0.000000
-3.630287 0.242787 0.000000
-3.630439 0.241918 0.000000
-3.630575 0.241047 0.000000
-3.630695 0.240173 0.000000
-3.630801 0.239297 0.000000
-3.630891 0.238419 0.000000
-3.630967 0.237540 0.000000
-3.631026 0.236660 0.000000
-3.631071 0.235779 0.000000
-3.631100 0.234897 0.000000
-3.680613 0.234897 0.000000
-3.680642 0.235779 0.000000
-3.680687 0.236660 0.000000
-3.680747 0.237540 0.000000
-3.680822 0.238419 0.000000
-3.680912 0.239297 0.000000
-3.681018 0.240173 0.000000
-3.681139 0.241047 0.000000
-3.681275 0.241918 0.000000
-3.681426 0.242787 0.000000
-3.681592 0.243654 0.000000
-3.681774 0.244517 0.000000
-3.681970 0.245377 0.000000
-3.682181 0.246234 0.000000
-3.682408 0.247086 0.000000
-3.682649 0.247935 0.000000
-3.682904 0.248779 0.000000
-3.683175 0.249619 0.000000
-3.683460 0.250454 0.000000
-3.683759 0.251284 0.000000
-3.684073 0.252108 0.000000
-3.684401 0.252927 0.000000
-3.684744 0.253740 0.000000
-3.685100 0.254547 0.000000
-3.685471 0.255348 0.000000
-3.685855 0.256142 0.000000
-3.686253 0.256929 0.000000
-3.686665 0.257709 0.000000
-3.687091 0.258482 0.000000
-3.687529 0.259247 0.000000
-3.687981 0.260005 0.000000
-3.688446 0.260754 0.000000
-3.688925 0.261496 0.000000
-3.689415 0.262229 0.000000
-3.689919 0.262953 0.000000
-3.690435 0.263668 0.000000
-3.690964 0.264375 0.000000
-3.691505 0.265072 0.000000
-3.692057 0.265759 0.000000
-3.692622 0.266437 0.000000
-3.693198 0.267105 0.000000
-3.693786 0.267763 0.000000
-3.694386 0.268410 0.000000
-3.694996 0.269047 0.000000
-3.695618 0.269673 0.000000
-3.696250 0.270288 0.000000
-3.696893 0.270892 0.000000
-3.697546 0.271485 0.000000
-3.698210 0.272066 0.000000
-3.698883 0.272636 0.000000
-3.699567 0.273194 0.000000
-3.700260 0.273740 0.000000
-3.700962 0.274273 0.000000
-3.701674 0.274795 0.000000
-3.702394 0.275304 0.000000
-3.703124 0.275800 0.000000
-3.703862 0.276284 0.000000
-3.704608 0.276754 0.000000
-3.705362 0.277212 0.000000
-3.706124 0.277656 0.000000
-3.706894 0.278087 0.000000
-3.707671 0.278505 0.000000
-3.708455 0.278909 0.000000
-3.709246 0.279299 0.000000
-3.710044 0.279676 0.000000
-3.710848 0.280038 0.000000
-3.711659 0.280387 0.000000
-3.712475 0.280721 0.000000
-3.713297 0.281041 0.000000
-3.714125 0.281346 0.000000
-3.714958 0.281638 0.000000
-3.715795 0.281914 0.000000
-3.716638 0.282176 0.000000
-3.717485 0.282424 0.000000
-3.718336 0.282656 0.000000
-3.719191 0.282874 0.000000
-3.720049 0.283076 0.000000
-3.720911 0.283264 0.000000
-3.721776 0.283437 0.000000
-3.722644 0.283595 0.000000
-3.723515 0.283737 0.000000
-3.724388 0.283864 0.000000
-3.725263 0.283976 0.000000
-3.726140 0.284073 0.000000
-3.727018 0.284155 0.000000
-3.727898 0.284221 0.000000
-3.728778 0.284272 0.000000
-3.729660 0.284308 0.000000
-3.730542 0.284328 0.000000
-3.731424 0.284333 0.000000
-3.732306 0.284322 0.000000
-3.733188 0.284296 0.000000
-3.734069 0.284255 0.000000
-3.734950 0.284199 0.000000
-3.735829 0.284127 0.000000
-3.736707 0.284040 0.000000
-3.737583 0.283937 0.000000
-3.738457 0.283820 0.000000
-3.739329 0.283687 0.000000
-3.740199 0.283539 0.000000
-3.741066 0.283375 0.000000
-3.741930 0.283197 0.000000
-3.742791 0.283004 0.000000
-3.743648 0.282796 0.000000
-3.744502 0.282573 0.000000
-3.745351 0.282335 0.000000
-3.746196 0.282082 0.000000
-3.747037 0.281815 0.000000
-3.747873 0.281533 0.000000
-3.748704 0.281236 0.000000
-3.749529 0.280925 0.000000
-3.750349 0.280600 0.000000
-3.751164 0.280261 0.000000
-3.751972 0.279907 0.000000
-3.752774 0.279540 0.000000
-3.753569 0.279158 0.000000
-3.754358 0.278763 0.000000
-3.755140 0.278354 0.000000
-3.755914 0.277931 0.000000
-3.756681 0.277495 0.000000
-3.757440 0.277046 0.000000
-3.758192 0.276584 0.000000
-3.758935 0.276108 0.000000
-3.759669 0.275620 0.000000
-3.760396 0.275119 0.000000
-3.761113 0.274606 0.000000
-3.761821 0.274080 0.000000
-3.762520 0.273541 0.000000
-3.763210 0.272991 0.000000
-3.763889 0.272429 0.000000
-3.764559 0.271855 0.000000
-3.765219 0.271269 0.000000
-3.765869 0.270672 0.000000
-3.766508 0.270064 0.000000
-3.767136 0.269445 0.000000
-3.767754 0.268815 0.000000
-3.768360 0.268174 0.000000
-3.768955 0.267523 0.000000
-3.769539 0.266862 0.000000
-3.770111 0.266190 0.000000
-3.770672 0.265509 0.000000
-3.771220 0.264818 0.000000
-3.771756 0.264117 0.000000
-3.772280 0.263408 0.000000
-3.772792 0.262689 0.000000
-3.773291 0.261962 0.000000
-3.773777 0.261225 0.000000
-3.774251 0.260481 0.000000
-3.774711 0.259729 0.000000
-3.775158 0.258968 0.000000
-3.775592 0.258200 0.000000
-3.776012 0.257424 0.000000
-3.776419 0.256642 0.000000
-3.776812 0.255852 0.000000
-3.777192 0.255055 0.000000
-3.777557 0.254252 0.000000
-3.777908 0.253443 0.000000
-3.778246 0.252628 0.000000
-3.778569 0.251807 0.000000
-3.778877 0.250981 0.000000
-3.779171 0.250149 0.000000
-3.779451 0.249312 0.000000
-3.779716 0.248471 0.000000
-3.779967 0.247625 0.000000
-3.780202 0.246775 0.000000
-3.780423 0.245921 0.000000
-3.780629 0.245063 0.000000
-3.780820 0.244202 0.000000
-3.780996 0.243337 0.000000
-3.781157 0.242470 0.000000
-3.781302 0.241600 0.000000
-3.781433 0.240727 0.000000
-3.781548 0.239853 0.000000
-3.781648 0.238976 0.000000
-3.781733 0.238098 0.000000
-3.781802 0.237219 0.000000
-3.781856 0.236338 0.000000
-3.781895 0.235457 0.000000
-3.781919 0.234575 0.000000
-3.781927 0.233693 0.000000
-3.781919 0.232810 0.000000
-3.781897 0.231929 0.000000
-3.781859 0.231047 0.000000
-3.781806 0.230167 0.000000
-3.781737 0.229287 0.000000
-3.781653 0.228409 0.000000
-3.781554 0.227532 0.000000
-3.781439 0.226658 0.000000
-3.781310 0.225785 0.000000
-3.781165 0.224915 0.000000
-3.781005 0.224047 0.000000
-3.780830 0.223183 0.000000
-3.780640 0.222321 0.000000
-3.780435 0.221463 0.000000
-3.780215 0.220609 0.000000
-3.779980 0.219758 0.000000
-3.779730 0.218912 0.000000
-3.779466 0.218071 0.000000
-3.779187 0.217234 0.000000
-3.778894 0.216402 0.000000
-3.778586 0.215575 0.000000
-3.778263 0.214754 0.000000
-3.777927 0.213938 0.000000
-3.777576 0.213129 0.000000
-3.777212 0.212325 0.000000
-3.776833 0.211529 0.000000
-3.776441 0.210739 0.000000
-3.776035 0.209955 0.000000
-3.775615 0.209179 0.000000
-3.775182 0.208411 0.000000
-3.774735 0.207650 0.000000
-3.774276 0.206897 0.000000
-3.773803 0.206152 0.000000
-3.773317 0.205416 0.000000
-3.772819 0.204688 0.000000
-3.772308 0.203968 0.000000
-3.771785 0.203258 0.000000
-3.771249 0.202557 0.000000
-3.770701 0.201866 0.000000
-3.770142 0.201184 0.000000
-3.769570 0.200512 0.000000
-3.768987 0.199850 0.000000
-3.768393 0.199198 0.000000
-3.767787 0.198557 0.000000
-3.767170 0.197926 0.000000
-3.766542 0.197307 0.000000
-3.765904 0.196698 0.000000
-3.765255 0.196100 0.000000
-3.764595 0.195514 0.000000
-3.763926 0.194939 0.000000
-3.763247 0.194377 0.000000
-3.762558 0.193826 0.000000
-3.761859 0.193287 0.000000
-3.761151 0.192760 0.000000
-3.760435 0.192246 0.000000
-3.759709 0.191744 0.000000
-3.758975 0.191255 0.000000
-3.758232 0.190779 0.000000
-3.757481 0.190316 0.000000
-3.756722 0.189866 0.000000
-3.755956 0.189430 0.000000
-3.755182 0.189006 0.000000
-3.754400 0.188597 0.000000
-3.753612 0.188201 0.000000
-3.752817 0.187818 0.000000
-3.752015 0.187450 0.000000
-3.751207 0.187096 0.000000
-3.750394 0.186755 0.000000
-3.749574 0.186429 0.000000
-3.748748 0.186118 0.000000
-3.747918 0.185821 0.000000
-3.747082 0.185538 0.000000
-3.746242 0.185270 0.000000
-3.747321 0.175287 0.000000
-3.752064 0.116406 0.000000
-3.752577 0.084639 0.000000
-3.756396 0.051055 0.000000
-3.756396 -0.017081 0.000000
-3.752577 -0.050665 0.000000
-3.752064 -0.082433 0.000000
-3.747321 -0.141314 0.000000
-3.746242 -0.151296 0.000000
-3.747083 -0.151565 0.000000
-3.747920 -0.151848 0.000000
-3.748751 -0.152145 0.000000
-3.749577 -0.152457 0.000000
-3.750398 -0.152784 0.000000
-3.751212 -0.153124 0.000000
-3.752021 -0.153479 0.000000
-3.752823 -0.153848 0.000000
-3.753619 -0.154231 0.000000
-3.754408 -0.154627 0.000000
-3.755190 -0.155038 0.000000
-3.755965 -0.155461 0.000000
-3.756732 -0.155899 0.000000
-3.757491 -0.156349 0.000000
-3.758243 -0.156813 0.000000
-3.758986 -0.157290 0.000000
-3.759721 -0.157779 0.000000
-3.760447 -0.158282 0.000000
-3.761165 -0.158797 0.000000
-3.761873 -0.159324 0.000000
-3.762572 -0.159864 0.000000
-3.763261 -0.160415 0.000000
-3.763941 -0.160979 0.000000
-3.764611 -0.161555 0.000000
-3.765271 -0.162142 0.000000
-3.765920 -0.162740 0.000000
-3.766559 -0.163350 0.000000
-3.767187 -0.163970 0.000000
-3.767804 -0.164602 0.000000
-3.768410 -0.165244 0.000000
-3.769005 -0.165897 0.000000
-3.769589 -0.166560 0.000000
-3.770160 -0.167233 0.000000
-3.770720 -0.167916 0.000000
-3.771268 -0.168608 0.000000
-3.771804 -0.169310 0.000000
-3.772327 -0.170021 0.000000
-3.772838 -0.170742 0.000000
-3.773336 -0.171471 0.000000
-3.773822 -0.172208 0.000000
-3.774295 -0.172954 0.000000
-3.774754 -0.173708 0.000000
-3.775201 -0.174470 0.000000
-3.775633 -0.175240 0.000000
-3.776053 -0.176017 0.000000
-3.776459 -0.176801 0.000000
-3.776851 -0.177592 0.000000
-3.777229 -0.178390 0.000000
-3.777594 -0.179195 0.000000
-3.777944 -0.180005 0.000000
-3.778280 -0.180822 0.000000
-3.778602 -0.181644 0.000000
-3.778909 -0.182472 0.000000
-3.779202 -0.183305 0.000000
-3.779481 -0.184143 0.000000
-3.779744 -0.184986 0.000000
-3.779993 -0.185833 0.000000
-3.780228 -0.186685 0.000000
-3.780447 -0.187540 0.000000
-3.780651 -0.188399 0.000000
-3.780841 -0.189261 0.000000
-3.781015 -0.190127 0.000000
-3.781174 -0.190996 0.000000
-3.781318 -0.191867 0.000000
-3.781447 -0.192741 0.000000
-3.781561 -0.193616 0.000000
-3.781659 -0.194494 0.000000
-3.781742 -0.195373 0.000000
-3.781810 -0.196254 0.000000
-3.781862 -0.197135 0.000000
-3.781899 -0.198017 0.000000
-3.781921 -0.198900 0.000000
-3.781927 -0.199783 0.000000
-3.781917 -0.200666 0.000000
-3.781893 -0.201549 0.000000
-3.781853 -0.202431 0.000000
-3.781798 -0.203312 0.000000
-3.781727 -0.204193 0.000000
-3.781641 -0.205071 0.000000
-3.781539 -0.205949 0.000000
-3.781423 -0.206824 0.000000
-3.781291 -0.207697 0.000000
-3.781144 -0.208568 0.000000
-3.780982 -0.209436 0.000000
-3.780804 -0.210301 0.000000
-3.780612 -0.211163 0.000000
-3.780405 -0.212021 0.000000
-3.780182 -0.212876 0.000000
-3.779945 -0.213726 0.000000
-3.779693 -0.214573 0.000000
-3.779427 -0.215415 0.000000
-3.779145 -0.216252 0.000000
-3.778849 -0.217084 0.000000
-3.778539 -0.217911 0.000000
-3.778215 -0.218732 0.000000
-3.777876 -0.219547 0.000000
-3.777523 -0.220357 0.000000
-3.777155 -0.221160 0.000000
-3.776774 -0.221956 0.000000
-3.776379 -0.222746 0.000000
-3.775971 -0.223529 0.000000
-3.775549 -0.224305 0.000000
-3.775113 -0.225073 0.000000
-3.774664 -0.225833 0.000000
-3.774202 -0.226586 0.000000
-3.773727 -0.227330 0.000000
-3.773239 -0.228066 0.000000
-3.772738 -0.228793 0.000000
-3.772224 -0.229512 0.000000
-3.771698 -0.230221 0.000000
-3.771160 -0.230921 0.000000
-3.770610 -0.231612 0.000000
-3.770048 -0.232293 0.000000
-3.769474 -0.232964 0.000000
-3.768888 -0.233625 0.000000
-3.768291 -0.234275 0.000000
-3.767683 -0.234915 0.000000
-3.767063 -0.235545 0.000000
-3.766433 -0.236163 0.000000
-3.765792 -0.236771 0.000000
-3.765141 -0.237367 0.000000
-3.764479 -0.237952 0.000000
-3.763807 -0.238525 0.000000
-3.763125 -0.239086 0.000000
-3.762434 -0.239635 0.000000
-3.761733 -0.240173 0.000000
-3.761023 -0.240698 0.000000
-3.760304 -0.241210 0.000000
-3.759576 -0.241710 0.000000
-3.758839 -0.242197 0.000000
-3.758094 -0.242671 0.000000
-3.757341 -0.243132 0.000000
-3.756580 -0.243580 0.000000
-3.755812 -0.244015 0.000000
-3.755035 -0.244436 0.000000
-3.754252 -0.244844 0.000000
-3.753462 -0.245237 0.000000
-3.752665 -0.245617 0.000000
-3.751861 -0.245983 0.000000
-3.751051 -0.246335 0.000000
-3.750235 -0.246673 0.000000
-3.749414 -0.246997 0.000000
-3.748586 -0.247306 0.000000
-3.747754 -0.247601 0.000000
-3.746916 -0.247881 0.000000
-3.746074 -0.248146 0.000000
-3.745228 -0.248397 0.000000
-3.744377 -0.248633 0.000000
-3.743522 -0.248854 0.000000
-3.742663 -0.249060 0.000000
-3.741801 -0.249252 0.000000
-3.740936 -0.249428 0.000000
-3.740067 -0.249589 0.000000
-3.739196 -0.249735 0.000000
-3.738323 -0.249865 0.000000
-3.737448 -0.249981 0.000000
-3.736570 -0.250081 0.000000
-3.735691 -0.250166 0.000000
-3.734811 -0.250235 0.000000
-3.733930 -0.250289 0.000000
-3.733047 -0.250328 0.000000
-3.732165 -0.250352 0.000000
-3.731282 -0.250360 0.000000
-3.730399 -0.250352 0.000000
-3.729516 -0.250330 0.000000
-3.728634 -0.250291 0.000000
-3.727752 -0.250238 0.000000
-3.726872 -0.250169 0.000000
-3.725993 -0.250085 0.000000
-3.725115 -0.249985 0.000000
-3.724240 -0.249871 0.000000
-3.723366 -0.249741 0.000000
-3.722495 -0.249595 0.000000
-3.721627 -0.249435 0.000000
-3.720761 -0.249259 0.000000
-3.719899 -0.249069 0.000000
-3.719040 -0.248863 0.000000
-3.718185 -0.248643 0.000000
-3.717334 -0.248407 0.000000
-3.716487 -0.248157 0.000000
-3.715645 -0.247892 0.000000
-3.714807 -0.247613 0.000000
-3.713975 -0.247319 0.000000
-3.713147 -0.247010 0.000000
-3.712325 -0.246687 0.000000
-3.711509 -0.246350 0.000000
-3.710699 -0.245999 0.000000
-3.709895 -0.245633 0.000000
-3.709098 -0.245254 0.000000
-3.708307 -0.244861 0.000000
-3.707523 -0.244454 0.000000
-3.706747 -0.244033 0.000000
-3.705978 -0.243599 0.000000
-3.705216 -0.243152 0.000000
-3.704463 -0.242691 0.000000
-3.703718 -0.242218 0.000000
-3.702981 -0.241731 0.000000
-3.702252 -0.241232 0.000000
-3.701533 -0.240720 0.000000
-3.700822 -0.240195 0.000000
-3.700121 -0.239659 0.000000
-3.699429 -0.239110 0.000000
-3.698747 -0.238549 0.000000
-3.698075 -0.237976 0.000000
-3.697413 -0.237392 0.000000
-3.696761 -0.236797 0.000000
-3.696120 -0.236190 0.000000
-3.695489 -0.235572 0.000000
-3.694869 -0.234943 0.000000
-3.694260 -0.234303 0.000000
-3.693663 -0.233653 0.000000
-3.693076 -0.232992 0.000000
-3.692502 -0.232322 0.000000
-3.691939 -0.231641 0.000000
-3.691388 -0.230951 0.000000
-3.690850 -0.230251 0.000000
-3.690323 -0.229542 0.000000
-3.689809 -0.228824 0.000000
-3.689308 -0.228097 0.000000
-3.688819 -0.227362 0.000000
-3.688344 -0.226618 0.000000
-3.687881 -0.225866 0.000000
-3.687431 -0.225106 0.000000
-3.686995 -0.224338 0.000000
-3.686572 -0.223562 0.000000
-3.686163 -0.222780 0.000000
-3.685768 -0.221990 0.000000
-3.685386 -0.221194 0.000000
-3.685018 -0.220391 0.000000
-3.684665 -0.219582 0.000000
-3.684325 -0.218767 0.000000
-3.684000 -0.217946 0.000000
-3.683689 -0.217119 0.000000
-3.683392 -0.216288 0.000000
-3.683110 -0.215451 0.000000
-3.682843 -0.214609 0.000000
-3.682591 -0.213763 0.000000
-3.682353 -0.212912 0.000000
-3.682130 -0.212058 0.000000
-3.681922 -0.211200 0.000000
-3.681729 -0.210338 0.000000
-3.681551 -0.209473 0.000000
-3.681388 -0.208605 0.000000
